9 9 9 9 9 9 9 9                 1 2 9 9 9 9 9 9 9 9 9 9 2 2 3 2 2 2 2 1           9 9 9 9 9 9 9 9 9 9 9 9                       
9 5 5 5 5 5 5 9                   9 9 5 5 5 5 5 5 5 5 9 9   2   9 9     9 9       9 9 5 5 5 5 5 5 5 5 5 9 9                     
9 5 5 5 5 5 5 9                 9   2 9 9 5 5 5 5 9 9 2     2 9 9 9 2 2 2 9         9 5 5 5 5 5 5 5 5 5 5 9             2 1     
9 5 5 5 5 5 5 9                 9   2   9 5 5 9 9 2   2 2 2 2 9 5 9 9               9 5 5 5 5 5 5 5 5 5 5 9 9           1       
9 5 5 5 5 5 5 9                   2 2   2 9 9 2   2 2         9 2 9                 9 5 5 5 5 5 5 5 5 5 5 5 9 9                 
9 5 5 5 5 5 5 9                   1     2     2 1   2           1       1           9 5 5 5 5 5 5 5 5 5 5 5 5 9                 
9 5 5 5 5 5 5 9                       9 2   1     9 2 9 9 9 9         1 3 2 1       9 5 5 5 5 5 5 5 5 5 5 5 5 9 9               
9 5 9 9 9 5 5 9                       9 3 2 2   9 9 5 5 5 5 9 9 9 9                 9 5 5 5 5 5 5 5 5 5 5 5 5 5 9               
9 9 9   9 5 5 9                         1     1 2 9 5 5 5 5 5 5 5 9 9               9 5 5 5 5 5 5 5 5 5 5 5 5 9 9               
9 9     9 5 5 9                                   2 9 9 5 5 5 5 5 5 9 9             9 5 5 9 9 9 5 5 5 5 5 5 9 9                 
2 9     9 5 5 9                                   2   9 5 5 5 5 5 5 5 9 9 9         9 5 5 9   9 9 5 5 5 5 9 9                   
1       9 5 5 9                                   2   9 5 5 5 5 5 5 5 5 5 9 9       9 5 5 9     9 9 5 5 5 9                   1 
        9 5 5 9                               9 9 2 9 9 5 5 5 5 5 5 5 5 5 5 9       9 5 5 9       9 5 5 9 9                 9 2 
        9 5 5 9                               9 5 5 5 5 5 5 5 5 5 5 5 5 5 5 9 9     9 5 5 9       9 9 9 9                 9 9 9 
        9 5 5 9                 1           2 2 2 9 9 5 5 5 5 5 5 5 5 5 5 5 5 9 9   9 9 5 9         9 9                 9 9 5 9 
        9 5 5 9                 2         2 2   1   9 5 5 5 5 5 5 5 5 5 5 5 5 5 9 9   9 5 9     9 9 9 9 9               9 5 5 9 
        9 5 5 9                 2         1       9 9 5 5 5 5 5 5 5 5 5 5 5 5 5 5 9   9 5 9   9 9 5 5 5 9             9 9 5 5 9 
        9 5 5 9                 2               9 9 5 5 5 5 5 5 5 5 5 5 5 5 5 5 5 9 9 9 5 9 9 9 5 5 5 9 9           9 9 5 5 5 9 
        9 5 5 9               9 2             9 9 5 5 5 5 5 5 5 5 5 5 5 5 5 5 5 5 5 5 5 5 5 5 5 5 5 5 9             9 5 5 5 5 9 
        9 5 5 9               9 9           2 2 9 5 5 5 5 5 5 5 5 5 5 5 5 5 5 5 5 5 5 5 5 5 5 5 5 9 9 2           9 9 5 5 5 5 9 
        9 5 5 9               9 9 9       2 2   9 5 5 5 5 5 5 5 5 5 5 5 5 5 5 5 5 5 5 5 5 5 5 5 5 9   1           9 5 5 5 5 5 9 
        9 5 5 9               9 5 9 9     1   1 2 5 9 9 2 9 9 9 9 9 2 9 9 9 5 5 5 5 5 5 5 5 5 9 9 9             9 9 5 5 5 5 5 9 
        9 5 5 9               9 5 5 2 1     1   1 2 9   1   9 9     1     9 5 5 5 5 5 5 5 9 9 9                 9 5 5 5 5 5 5 9 
        9 5 5 9               9 9 5 9     1 3 2   2                     9 9 5 5 5 5 5 9 9 9                   9 9 5 5 5 5 5 5 9 
        9 5 5 9                 9 5 9         3 2 2                   9 9 5 5 5 5 9 9 9     1 2 1             9 5 5 5 5 5 5 5 9 
        9 5 5 9                 9 2 2 1       2                       9 5 5 5 5 5 9       1 3 1             9 9 5 5 5 5 5 5 5 9 
        9 5 5 9                   2           1                     9 9 5 5 5 5 5 9 9       1               9 9 5 5 5 5 5 5 5 9 
        9 5 5 9                   2                               9 9 5 5 5 5 5 5 5 9                     1   9 5 5 5 5 5 5 5 9 
        9 5 5 9                   2                             9 9 5 5 5 5 5 5 5 5 9                     2 9 9 5 5 5 5 5 5 5 9 
        9 5 5 9                   1                           9 9 5 5 5 5 5 5 5 5 5 9                     9 5 5 5 5 5 5 5 5 5 9 
        9 5 5 9                     9                       9 9 5 9 9 9 9 5 5 5 5 5 2 1     1           9 9 5 5 5 5 5 5 5 5 5 9 
        9 5 5 9                 1   9                     9 9 9 9 9     9 9 5 5 5 9 9       2           9 5 5 5 5 5 5 5 5 5 5 9 
        9 5 5 9               1 3 1                       9 9 9           9 5 9 9 9         2           9 5 5 5 5 5 5 5 5 5 5 9 
        9 5 5 9             9 2 1                     9 9 2 9       1     9 9 9     9       2         9 9 5 5 5 5 5 5 5 5 5 5 9 
        9 5 5 9             9 9                       9 9 9   1     2 2 9   9 9     9       2         9 5 5 5 5 5 5 5 5 5 5 5 9 
        9 5 5 9         1 2               1           2 9   9 2 9     9 9   9 9 9 9         2         9 5 5 5 5 5 5 5 5 5 5 5 9 
        9 5 5 9           1             1 2         2 2     9 5 9 9 9 9 9 9 9 5 5 9         2       9 9 5 5 5 5 5 5 5 5 5 5 5 9 
        9 5 5 9       1                             2       9 5 5 5 5 5 9 9 9 5 5 9 9       1       9 5 5 5 5 5 5 5 5 5 5 5 5 9 
        9 5 5 9       2                           2 2     1 2 5 5 5 5 5 9   9 5 5 5 9         1     9 5 5 5 5 5 5 5 5 5 5 5 5 9 
        9 5 5 9       1                           1         9 5 5 5 5 9 9   9 9 5 9 9         2   9 9 5 5 5 5 5 5 5 5 5 5 5 5 9 
        9 5 5 9                               2 1           9 5 5 5 5 9   1   9 5 9           2   9 5 5 5 5 5 5 5 5 5 5 5 5 5 9 
        9 5 5 9                               2             9 5 5 5 5 9 9 2   9 5 9           2   9 5 5 5 5 5 5 5 5 5 5 5 5 5 9 
        9 5 5 9                   1       1   1           9 9 5 5 5 5 5 5 9 9 9 9 9           2   9 5 5 5 5 5 5 5 5 5 5 5 5 5 9 
        9 5 5 9                   2     2 2               9 9 9 5 9 9 9 9 9 2 9 2             2 9 9 5 5 5 5 5 5 5 5 5 5 5 5 5 9 
        9 5 5 9                   1   1 2                     9 5 9         2   1             9 5 5 5 5 5 5 5 9 9 9 5 5 5 5 5 9 
        9 5 5 9                                               9 9 9 9     9 2 9               9 5 5 5 5 5 5 5 9   9 5 5 5 5 5 9 
        9 5 5 9                                                 9 9 9 9 9 9 9 9               9 5 5 5 5 5 5 5 9   9 5 5 5 5 5 9 
        9 5 5 9                                                   9 9 5 5 5 9                 9 5 5 5 5 5 5 5 9   9 5 5 5 5 9 9 
        9 5 5 9                                                     9 5 5 5 9                 2 9 9 9 9 9 9 9 9   9 5 5 5 9 9   
        9 9 5 2 1             9       1 2                     1 2 2 9 5 5 5 9 9               2           9 9   9 9 5 5 9 9     
1         9 5 9               9         1                         9 5 5 5 5 5 9 9 9           2 9 9 9           9 5 5 9 9       
2 2       9 5 9 9                     9                           9 5 5 5 5 5 5 5 9 9 9       9 5 5 9 9 9       9 5 9 9         
  2 2     9 5 9 9                     9                           9 5 5 5 5 5 5 5 5 5 9       9 5 5 5 5 9     9 9 5 9           
    2     9 5 9                             9                 9 9 9 5 5 5 5 5 5 5 5 5 9 9     9 5 5 5 9 9     9 5 9 9           
    2     9 5 2 1                           9                 9 5 5 5 5 5 5 5 5 5 5 5 5 9 9   9 5 5 5 9   1 2 9 5 9             
    2     9 5 9                       1 2 1                   9 5 5 5 5 5 5 5 5 5 5 5 5 5 9   9 5 5 5 9 9   9 5 5 9             
    2     9 5 9 9                                             9 5 5 5 5 5 5 5 5 5 5 5 5 5 9   9 9 5 5 5 9   9 5 9 9             
    2 9   9 5 9 9                         9 9                 9 5 5 5 5 5 5 5 5 5 5 5 5 5 9     9 9 9 9 9 9 9 5 9               
    9 9   9 5 9                                             9 9 5 5 5 5 5 5 5 5 5 5 5 5 5 9 9         9 9 9 5 9 9               
    9 9   9 5 9                                             9 5 5 5 5 5 5 5 5 5 5 5 5 5 5 5 9             9 5 9                 
    9 9   9 5 9                                           9 9 5 5 5 5 5 5 5 5 5 5 5 5 5 5 5 9             2 9 9                 
    9 9   9 5 9                                           9 9 5 5 5 5 5 5 5 5 5 5 5 5 5 5 5 9 9           1                     
    9 9   9 5 9                                             9 5 5 5 5 5 5 5 5 5 5 5 5 5 5 5 5 9                                 
    9 9   9 9 9                                           1 2 9 9 9 9 9 9 9 9 9 9 9 9 9 9 9 9 9                                 
